<?xml version="1.0"?>
<opencv_storage>
<calibration_Time>"Thu Jul 27 13:33:29 2017"</calibration_Time>
<nrOfFrames>17</nrOfFrames>
<image_Width>800</image_Width>
<image_Height>600</image_Height>
<board_Width>9</board_Width>
<board_Height>6</board_Height>
<square_Size>50.</square_Size>
<FixAspectRatio>1.</FixAspectRatio>
<!-- flags:  +fix_aspectRatio +fix_principal_point +zero_tangent_dist -->
<flagValue>14</flagValue>
<Camera_Matrix type_id="opencv-matrix">
  <rows>3</rows>
  <cols>3</cols>
  <dt>d</dt>
  <data>
    2.5462729130806015e+03 0. 3.9950000000000000e+02 0.
    2.5462729130806015e+03 2.9950000000000000e+02 0. 0. 1.</data></Camera_Matrix>
<Distortion_Coefficients type_id="opencv-matrix">
  <rows>5</rows>
  <cols>1</cols>
  <dt>d</dt>
  <data>
    2.1625882066568705e-01 -3.2915726306677534e+01 0. 0.
    1.9215134122956212e+02</data></Distortion_Coefficients>
<Avg_Reprojection_Error>1.0847029232877343e+00</Avg_Reprojection_Error>
<Per_View_Reprojection_Errors type_id="opencv-matrix">
  <rows>17</rows>
  <cols>1</cols>
  <dt>f</dt>
  <data>
    7.08697081e-01 7.11257756e-01 8.96941125e-01 1.03734088e+00
    7.56375730e-01 8.01828146e-01 8.10701489e-01 1.02185845e+00
    6.94474757e-01 1.06085539e+00 1.14807808e+00 1.28942811e+00
    1.03781867e+00 1.46002090e+00 1.13463771e+00 2.05782652e+00
    9.36741948e-01</data></Per_View_Reprojection_Errors>
<!-- a set of 6-tuples (rotation vector + translation vector) for each view -->
<Extrinsic_Parameters type_id="opencv-matrix">
  <rows>17</rows>
  <cols>6</cols>
  <dt>d</dt>
  <data>
    -1.3725523893820729e-01 -2.3335294574020213e-01
    -1.5645992402697539e+00 -1.3870525306960891e+02
    1.9235440111949282e+02 2.3247003413755192e+03
    -5.1123282776677721e-02 -2.8395473137657312e-01
    -1.5170810850363345e+00 -8.2368273748770292e+01
    1.8614487094520049e+02 2.2936497070220553e+03 1.2105599752013321e-01
    -4.8153547192388141e-01 -1.4855337408778659e+00
    -5.1864625563389666e+01 1.8091799232451058e+02
    2.2528567468148740e+03 2.2389087103872873e-01
    -5.8922227742214373e-01 -1.4506388265072268e+00
    -2.9611352198648273e+01 1.9135973473921183e+02
    2.2430926647780466e+03 -4.6666783458234273e-02
    -3.0453655490757681e-01 -1.5313631491540525e+00
    -8.6664677244112568e+01 1.9690297817046377e+02
    2.2760134489994302e+03 -3.3190424533936275e-01
    -6.4086378640498015e-02 -1.5540668492349829e+00
    -1.3010045313735728e+02 1.9965143172950002e+02
    2.3183225511316346e+03 -3.3509852203951523e-01
    -4.8291546685916883e-02 -1.5466394229566633e+00
    -1.0838777296940603e+02 1.8591408333784457e+02
    2.3100645197462900e+03 -5.2611495418050069e-01
    1.2506915382846173e-01 -1.5542766340563317e+00
    -1.1567763545197501e+02 1.8392824473314022e+02
    2.3370463934518366e+03 2.0974812676955681e-01
    -2.2681343092184986e-01 -1.5597813867984234e+00
    -1.4766131936009481e+02 1.9724077271983970e+02
    2.3344669358038136e+03 -1.8386012859806419e-01
    -5.1498684508576864e-01 -1.8077779199241724e+00
    -1.5247160344315185e+02 1.9178957782573943e+02
    2.6480337194515005e+03 -6.5437345631082100e-01
    -1.5785915470501383e-01 -1.2387963500407466e+00
    -2.0917143237604915e+02 1.5986192775763618e+02
    2.7580189823603150e+03 -7.0550366008776044e-01
    -1.2444271205484415e-01 -6.3039866031897629e-01
    -1.9467268410327168e+02 -2.6911985607575676e+01
    2.4583397264671703e+03 3.2407280392595850e-01
    -6.1520069624260287e-01 -2.7945572743693523e+00
    1.7452248026924218e+02 1.6901533679824220e+02 2.5152362718271465e+03
    3.5744778613499145e-01 -8.1260846712159163e-01
    -2.6389711060684489e+00 1.3376772656625843e+02
    1.6722354218845626e+02 1.9966010487043925e+03
    -1.0363211208045531e-01 -7.0849275284288094e-01
    -2.7566029391758327e+00 1.6024937742193183e+02
    1.7487351183165723e+02 2.2595149757287932e+03 1.9635550161426313e-01
    -1.3462507604232496e+00 -2.5144826257937551e+00
    1.4860989484077135e+02 1.4472042241281227e+02 1.9195416159017418e+03
    2.7935761189289382e-01 -4.0749230154498839e-01
    -2.8720605637107455e+00 1.4600957608433254e+02
    1.5617411606920828e+02 1.9752686041923055e+03</data></Extrinsic_Parameters>
