<?xml version="1.0"?>
<opencv_storage>
<calibration_Time>"Thu Jul 27 12:11:55 2017"</calibration_Time>
<nrOfFrames>9</nrOfFrames>
<image_Width>640</image_Width>
<image_Height>480</image_Height>
<board_Width>9</board_Width>
<board_Height>6</board_Height>
<square_Size>50.</square_Size>
<FixAspectRatio>1.</FixAspectRatio>
<!-- flags:  +fix_aspectRatio +fix_principal_point +zero_tangent_dist -->
<flagValue>14</flagValue>
<Camera_Matrix type_id="opencv-matrix">
  <rows>3</rows>
  <cols>3</cols>
  <dt>d</dt>
  <data>
    5.4188899666886118e+02 0. 3.1950000000000000e+02 0.
    5.4188899666886118e+02 2.3950000000000000e+02 0. 0. 1.</data></Camera_Matrix>
<Distortion_Coefficients type_id="opencv-matrix">
  <rows>5</rows>
  <cols>1</cols>
  <dt>d</dt>
  <data>
    -2.9721796104438386e-01 1.2731686454890825e-01 0. 0.
    -1.4079122482882822e-02</data></Distortion_Coefficients>
<Avg_Reprojection_Error>5.0422346547894858e-01</Avg_Reprojection_Error>
<Per_View_Reprojection_Errors type_id="opencv-matrix">
  <rows>9</rows>
  <cols>1</cols>
  <dt>f</dt>
  <data>
    1.86298445e-01 1.19740570e+00 2.59612381e-01 2.53194511e-01
    4.23950702e-01 2.39761397e-01 3.21103156e-01 4.70172286e-01
    3.56074780e-01</data></Per_View_Reprojection_Errors>
<!-- a set of 6-tuples (rotation vector + translation vector) for each view -->
<Extrinsic_Parameters type_id="opencv-matrix">
  <rows>9</rows>
  <cols>6</cols>
  <dt>d</dt>
  <data>
    1.7264051891705490e-01 3.1129461716812540e-01 1.2744368092313520e-02
    -1.1594095452403783e+02 -2.2407164886524760e+02
    8.1249725328833688e+02 3.9314079527412599e-01 6.8988917815122819e-01
    -1.3471154698465990e+00 -8.6810105588300701e+01
    1.6058707720803341e+02 7.1895687916621296e+02
    -2.7040410116590202e-01 2.2148591080770741e-01
    3.6173416528766256e-01 -5.2556754792647702e+01
    -2.0521668728373623e+02 6.4444717527466889e+02
    -1.0884408683147227e-01 2.7619997003678043e-01
    1.4798608770218078e-03 -1.6855801886356238e+02
    -1.3943428723678451e+02 6.7467037230091887e+02
    -2.6545158933386637e-01 4.5935165599891542e-01
    1.3219125941837273e+00 1.4402739592904859e+02
    -2.3453043725204765e+02 6.3399540158009802e+02
    4.3951855057247852e-01 3.1992174762978920e-01 1.6427712243856036e+00
    3.6430414063830381e+02 -1.3628925161580770e+02
    6.6944078580398752e+02 2.2204470069052015e-01 3.7095060275969227e-01
    1.8680578700015260e+00 7.2473443668768496e+01
    -1.4921255620300192e+02 7.8204317212193382e+02
    -5.5709354299565375e-02 5.0536762538831703e-01
    1.7593991240934768e+00 1.8515209095217918e+02
    -1.8000320298686904e+02 6.3171570168075186e+02
    2.1235219661313254e-01 -3.8709149752799338e-01
    1.2726264508506560e-01 -1.0843264699249053e+02
    -1.6611948511401266e+02 5.6605495308939055e+02</data></Extrinsic_Parameters>
<Image_points type_id="opencv-matrix">
  <rows>9</rows>
  <cols>54</cols>
  <dt>"2f"</dt>
  <data>
    2.44406769e+02 9.41365204e+01 2.74395813e+02 9.22103271e+01
    3.05502899e+02 9.03202286e+01 3.38311646e+02 8.87927780e+01
    3.71721252e+02 8.78762589e+01 4.06455688e+02 8.67116470e+01
    4.41635803e+02 8.62466736e+01 4.77622681e+02 8.62217865e+01
    5.13768127e+02 8.65294418e+01 2.44889969e+02 1.26179314e+02
    2.74704559e+02 1.24875961e+02 3.06062805e+02 1.23983727e+02
    3.38623901e+02 1.23085480e+02 3.72249237e+02 1.22286339e+02
    4.06666351e+02 1.22141472e+02 4.42087555e+02 1.22086365e+02
    4.78016876e+02 1.22238617e+02 5.14271606e+02 1.22784706e+02
    2.45355911e+02 1.58276794e+02 2.75250000e+02 1.58050430e+02
    3.06545837e+02 1.57648071e+02 3.38891602e+02 1.57398346e+02
    3.72385498e+02 1.57415909e+02 4.06800812e+02 1.57496490e+02
    4.42110077e+02 1.57886719e+02 4.77914734e+02 1.58323273e+02
    5.13886963e+02 1.59375763e+02 2.46349197e+02 1.90389099e+02
    2.75859100e+02 1.90516754e+02 3.07084076e+02 1.91059174e+02
    3.39264191e+02 1.91560211e+02 3.72576538e+02 1.92044983e+02
    4.06767487e+02 1.92521912e+02 4.41712799e+02 1.93620789e+02
    4.77408478e+02 1.94334076e+02 5.13077393e+02 1.95623001e+02
    2.47350464e+02 2.22271698e+02 2.76926270e+02 2.23412094e+02
    3.07562439e+02 2.24257202e+02 3.39554474e+02 2.25401108e+02
    3.72705872e+02 2.26323166e+02 4.06593506e+02 2.27648132e+02
    4.41249695e+02 2.28629303e+02 4.76691406e+02 2.30001801e+02
    5.11917786e+02 2.31575119e+02 2.48923523e+02 2.53592636e+02
    2.77595795e+02 2.55093399e+02 3.08493011e+02 2.56514862e+02
    3.40011597e+02 2.58242126e+02 3.72682922e+02 2.59910431e+02
    4.06221558e+02 2.61701111e+02 4.40503387e+02 2.63232697e+02
    4.75321808e+02 2.64625122e+02 5.10365173e+02 2.66202393e+02
    2.56438416e+02 3.62335632e+02 2.55237549e+02 3.34424438e+02
    2.54305267e+02 3.08908417e+02 2.53285324e+02 2.80396210e+02
    2.52632645e+02 2.48559570e+02 2.51751678e+02 2.12814545e+02
    2.51259506e+02 1.72682373e+02 2.51095459e+02 1.27983505e+02
    2.51463165e+02 7.81900940e+01 2.91015137e+02 3.69226959e+02
    2.92614044e+02 3.43450134e+02 2.93632965e+02 3.18090576e+02
    2.95141296e+02 2.89763519e+02 2.96853302e+02 2.58062897e+02
    2.98762482e+02 2.22360321e+02 3.01109711e+02 1.82124344e+02
    3.03762482e+02 1.36982285e+02 3.07057343e+02 8.67120438e+01
    3.27583435e+02 3.77661133e+02 3.30838654e+02 3.52218933e+02
    3.34245605e+02 3.27160858e+02 3.38061584e+02 2.99222717e+02
    3.42266541e+02 2.67763641e+02 3.47086670e+02 2.32245316e+02
    3.52377838e+02 1.92209808e+02 3.58425873e+02 1.46961563e+02
    3.65127014e+02 9.67773743e+01 3.63314178e+02 3.86136749e+02
    3.69524048e+02 3.60486084e+02 3.75276794e+02 3.36097015e+02
    3.81592224e+02 3.08356354e+02 3.88453583e+02 2.77457062e+02
    3.96135986e+02 2.42338501e+02 4.04605469e+02 2.02723602e+02
    4.13966675e+02 1.57759872e+02 4.24129974e+02 1.07841232e+02
    4.01030426e+02 3.91367462e+02 4.08463379e+02 3.68606415e+02
    4.16432281e+02 3.44544006e+02 4.25239075e+02 3.17361603e+02
    4.34802765e+02 2.86784515e+02 4.45283203e+02 2.52392487e+02
    4.56842773e+02 2.13545944e+02 4.69520477e+02 1.69350540e+02
    4.83134064e+02 1.20094322e+02 4.35319031e+02 4.02528687e+02
    4.46714478e+02 3.76146393e+02 4.56984894e+02 3.52432404e+02
    4.68076294e+02 3.25776184e+02 4.80230011e+02 2.96078125e+02
    4.93467560e+02 2.62406525e+02 5.07863831e+02 2.24147812e+02
    5.23488831e+02 1.81126923e+02 5.40095825e+02 1.33088364e+02
    2.77199219e+02 7.21990280e+01 3.13964325e+02 8.12421570e+01
    3.53009338e+02 9.10326385e+01 3.93244110e+02 1.01968048e+02
    4.34717316e+02 1.13616196e+02 4.77097229e+02 1.26354828e+02
    5.19730835e+02 1.39577423e+02 5.62360840e+02 1.53604767e+02
    6.03785828e+02 1.68300354e+02 2.60026581e+02 1.05353920e+02
    2.97559692e+02 1.15199844e+02 3.37163696e+02 1.26309692e+02
    3.78443054e+02 1.38128113e+02 4.21071930e+02 1.50896118e+02
    4.64540680e+02 1.64443741e+02 5.08506409e+02 1.78623917e+02
    5.52412720e+02 1.93252930e+02 5.95454224e+02 2.08165466e+02
    2.42457245e+02 1.40619232e+02 2.80194824e+02 1.51811310e+02
    3.20520660e+02 1.63929672e+02 3.62618286e+02 1.77005905e+02
    4.06079895e+02 1.90711761e+02 4.50688751e+02 2.05273666e+02
    4.95927032e+02 2.20153717e+02 5.41214722e+02 2.35305420e+02
    5.85326233e+02 2.50700729e+02 2.24179962e+02 1.77884689e+02
    2.62500153e+02 1.90551437e+02 3.03178558e+02 2.03901459e+02
    3.45796967e+02 2.18189178e+02 3.90003021e+02 2.32978455e+02
    4.35587219e+02 2.48380905e+02 4.81949768e+02 2.64084686e+02
    5.28270203e+02 2.79976532e+02 5.73573792e+02 2.95576935e+02
    2.05901947e+02 2.17119629e+02 2.44138229e+02 2.31023392e+02
    2.84974060e+02 2.45746368e+02 3.27996063e+02 2.61406433e+02
    3.73086182e+02 2.77372192e+02 4.19451447e+02 2.93761017e+02
    4.66532593e+02 3.10290375e+02 5.13826782e+02 3.26689087e+02
    5.59885010e+02 3.42756134e+02 1.87298157e+02 2.57431915e+02
    2.25447586e+02 2.72792938e+02 2.66598907e+02 2.89125916e+02
    3.09971161e+02 3.05978485e+02 3.55303528e+02 3.23210785e+02
