<?xml version="1.0"?>
<opencv_storage>
<calibration_Time>"Wed Aug 16 17:42:13 2017"</calibration_Time>
<nrOfFrames>20</nrOfFrames>
<image_Width>800</image_Width>
<image_Height>600</image_Height>
<board_Width>9</board_Width>
<board_Height>6</board_Height>
<square_Size>50.</square_Size>
<FixAspectRatio>1.</FixAspectRatio>
<!-- flags:  +fix_aspectRatio +fix_principal_point +zero_tangent_dist -->
<flagValue>14</flagValue>
<Camera_Matrix type_id="opencv-matrix">
  <rows>3</rows>
  <cols>3</cols>
  <dt>d</dt>
  <data>
    2.4821583920152775e+03 0. 3.9950000000000000e+02 0.
    2.4821583920152775e+03 2.9950000000000000e+02 0. 0. 1.</data></Camera_Matrix>
<Distortion_Coefficients type_id="opencv-matrix">
  <rows>5</rows>
  <cols>1</cols>
  <dt>d</dt>
  <data>
    -2.4058579499040061e-01 -4.3107814245781668e+00 0. 0.
    9.8314960380943523e+02</data></Distortion_Coefficients>
<Avg_Reprojection_Error>7.1529920580074324e-01</Avg_Reprojection_Error>
<Per_View_Reprojection_Errors type_id="opencv-matrix">
  <rows>20</rows>
  <cols>1</cols>
  <dt>f</dt>
  <data>
    4.57255960e-01 5.54990888e-01 6.16574168e-01 6.73519790e-01
    6.60642922e-01 6.16761327e-01 5.94594955e-01 4.04406250e-01
    3.67963791e-01 2.47578368e-01 4.04218107e-01 6.16100669e-01
    6.98315978e-01 1.02630520e+00 9.82845128e-01 1.09919417e+00
    1.18047178e+00 2.58702606e-01 6.49926543e-01 1.10025799e+00</data></Per_View_Reprojection_Errors>
<!-- a set of 6-tuples (rotation vector + translation vector) for each view -->
<Extrinsic_Parameters type_id="opencv-matrix">
  <rows>20</rows>
  <cols>6</cols>
  <dt>d</dt>
  <data>
    -1.3385408518158856e-01 -3.9567495664595037e-01
    -1.5831120028824943e+00 -2.2486237621941439e+02
    1.8780156051626227e+02 2.2646412607243324e+03
    -2.0409494105410453e-01 -4.4394404943931554e-01
    -1.7562655255048356e+00 -1.5989695379264523e+02
    1.8936303625258617e+02 2.3127620774141346e+03
    -3.5285994759164513e-01 -4.4265754532528295e-01
    -1.8680817041359157e+00 -1.0991025086920612e+02
    1.6699426663652113e+02 2.3326605785488896e+03
    -3.6574171187118615e-01 -5.2615856987836207e-01
    -2.1338303206238995e+00 -7.0920173751797435e+01
    1.6489830057479307e+02 2.3030272809533635e+03
    -4.3407777721269059e-01 -4.0186418600648416e-01
    -2.4335517113291987e+00 4.4583912807903580e+01
    1.6942514047313392e+02 2.2115250116401444e+03
    -2.7225314777737392e-01 -6.9819352820896707e-01
    -2.6010845573299513e+00 8.1930103693350503e+01
    1.2154117595503538e+02 2.2323526578684568e+03
    -2.7908064693353896e-01 -7.0267646734920908e-01
    -2.6938407460504838e+00 2.0874151553824979e+02
    1.2916815916322670e+02 2.2726886337499850e+03
    -1.8559234657674278e-01 -3.3840784251504197e-01
    -3.0503881968960260e+00 1.8492233490979311e+02
    1.3878779932626290e+02 2.1008126162661702e+03
    -1.4431838910208727e-01 -2.4674812628144760e-01
    -1.5607979305688440e+00 -1.0125556975278090e+02
    1.9320651606878252e+02 2.2278828880791334e+03 1.3075160569060887e-01
    -9.1282487078800767e-02 -1.5788016725384117e+00
    -1.4202241298083126e+02 2.0723656815172399e+02
    2.3851778963347401e+03 2.8841040621705216e-01 2.1085487145957121e-01
    -1.5891224296499202e+00 -1.6132367439734730e+02
    1.8778814605862746e+02 2.4902467589727394e+03 5.0618067995139115e-01
    -1.3976718336557642e-01 -1.8209180254095463e+00
    -6.0089705970003187e+01 2.2279329635730710e+02
    2.5615341242526943e+03 5.6479786910763352e-01 2.8967105196251175e-01
    -1.3467205022785496e+00 -1.1478340458811014e+02
    1.6641210754226748e+02 2.4254875018250186e+03 8.9863139682190118e-01
    -2.4963646917705129e-01 -1.8321936769609188e+00
    -3.7149090176098255e+01 2.3906555786884650e+02
    2.6120819089669808e+03 -5.2552447463478491e-01
    -9.4037460216939939e-01 -1.5139099458703620e+00
    -8.1790834809918479e+01 1.7490234100620307e+02
    2.0676698387665742e+03 -2.2165020785718395e-01
    -9.0025198901653736e-01 -1.5910151390402767e+00
    -1.1231805995335306e+02 1.3271255492626989e+02
    1.8097796837012343e+03 -3.8613101096300034e-01
    -9.9164310485433127e-01 -1.4941902022553384e+00
    -6.1579624888242719e+01 1.1085156837277742e+02
    1.8313064345244316e+03 3.6404699666205638e-02 2.5579016384012342e-02
    -1.3349738955432870e+00 -1.1240377223586160e+02
    1.7250378927624050e+02 2.5829095699933009e+03 4.1254882182764485e-01
    3.4853399020738929e-01 -1.2244882843838956e+00
    -2.2619505791684338e+02 1.4310663148016695e+02
    2.3400907387063353e+03 -1.0335296036369481e+00
    -4.8636659677936539e-01 -1.1337244835397953e+00
    -1.2324264330813381e+02 1.2388182214138415e+02
    2.1809381021668478e+03</data></Extrinsic_Parameters>
